0.25  0.15
0.275 0.15
0.30  0.15
0.325 0.15
0.35  0.15
0.375 0.15
0.40  0.15
0.425 0.15
0.45  0.15
0.475 0.15
0.50  0.15
0.25  0.4
0.275 0.4
0.30  0.4
0.325 0.4
0.35  0.4
0.375 0.4
0.40  0.4
0.425 0.4
0.45  0.4
0.475 0.4
0.50  0.4
0.25 0.15
0.25 0.175
0.25 0.20
0.25 0.225
0.25 0.25
0.25 0.275
0.25 0.30
0.25 0.325
0.25 0.35
0.25 0.375
0.25 0.40
0.5 0.15
0.5 0.175
0.5 0.20
0.5 0.225
0.5 0.25
0.5 0.275
0.5 0.30
0.5 0.325
0.5 0.35
0.5 0.375
0.5 0.40
0.60  0.6
0.625 0.6
0.65  0.6
0.675 0.6
0.70  0.6
0.725 0.6
0.75  0.6
0.60  0.85
0.625 0.85
0.65  0.85
0.675 0.85
0.70  0.85
0.725 0.85
0.75  0.85
0.6 0.6
0.6 0.625
0.6 0.65
0.6 0.675
0.6 0.70
0.6 0.725
0.6 0.75
0.6 0.775
0.6 0.80
0.6 0.825
0.6 0.85
0.75 0.6
0.75 0.625
0.75 0.65
0.75 0.675
0.75 0.70
0.75 0.725
0.75 0.75
0.75 0.775
0.75 0.80
0.75 0.825
0.75 0.85
